{
 "cells": [
  {
   "cell_type": "code",
   "execution_count": 1,
   "metadata": {},
   "outputs": [
    {
     "data": {
      "text/html": [
       "<div>\n",
       "<style scoped>\n",
       "    .dataframe tbody tr th:only-of-type {\n",
       "        vertical-align: middle;\n",
       "    }\n",
       "\n",
       "    .dataframe tbody tr th {\n",
       "        vertical-align: top;\n",
       "    }\n",
       "\n",
       "    .dataframe thead th {\n",
       "        text-align: right;\n",
       "    }\n",
       "</style>\n",
       "<table border=\"1\" class=\"dataframe\">\n",
       "  <thead>\n",
       "    <tr style=\"text-align: right;\">\n",
       "      <th></th>\n",
       "      <th>tempmax</th>\n",
       "      <th>tempmin</th>\n",
       "      <th>temp</th>\n",
       "      <th>feelslikemax</th>\n",
       "      <th>feelslikemin</th>\n",
       "      <th>feelslike</th>\n",
       "      <th>dew</th>\n",
       "      <th>humidity</th>\n",
       "      <th>precip</th>\n",
       "      <th>precipprob</th>\n",
       "      <th>precipcover</th>\n",
       "      <th>windgust</th>\n",
       "      <th>winddir</th>\n",
       "      <th>windspeed</th>\n",
       "      <th>sealevelpressure</th>\n",
       "      <th>cloudcover</th>\n",
       "      <th>visibility</th>\n",
       "      <th>solarradiation</th>\n",
       "      <th>solarenergy</th>\n",
       "      <th>uvindex</th>\n",
       "    </tr>\n",
       "  </thead>\n",
       "  <tbody>\n",
       "    <tr>\n",
       "      <th>tempmax</th>\n",
       "      <td>1.000000</td>\n",
       "      <td>0.908133</td>\n",
       "      <td>0.980914</td>\n",
       "      <td>0.995679</td>\n",
       "      <td>0.915919</td>\n",
       "      <td>0.978981</td>\n",
       "      <td>0.514210</td>\n",
       "      <td>-0.798214</td>\n",
       "      <td>-0.153775</td>\n",
       "      <td>-0.354713</td>\n",
       "      <td>-0.359907</td>\n",
       "      <td>-0.110604</td>\n",
       "      <td>-0.012025</td>\n",
       "      <td>-0.018332</td>\n",
       "      <td>-0.224484</td>\n",
       "      <td>-0.499130</td>\n",
       "      <td>0.358258</td>\n",
       "      <td>0.788198</td>\n",
       "      <td>0.788245</td>\n",
       "      <td>0.644064</td>\n",
       "    </tr>\n",
       "    <tr>\n",
       "      <th>tempmin</th>\n",
       "      <td>0.908133</td>\n",
       "      <td>1.000000</td>\n",
       "      <td>0.966940</td>\n",
       "      <td>0.904816</td>\n",
       "      <td>0.991821</td>\n",
       "      <td>0.962796</td>\n",
       "      <td>0.713233</td>\n",
       "      <td>-0.608382</td>\n",
       "      <td>-0.023272</td>\n",
       "      <td>-0.124609</td>\n",
       "      <td>-0.135237</td>\n",
       "      <td>0.044806</td>\n",
       "      <td>0.009019</td>\n",
       "      <td>0.129589</td>\n",
       "      <td>-0.379365</td>\n",
       "      <td>-0.217347</td>\n",
       "      <td>0.223843</td>\n",
       "      <td>0.598027</td>\n",
       "      <td>0.597826</td>\n",
       "      <td>0.464134</td>\n",
       "    </tr>\n",
       "    <tr>\n",
       "      <th>temp</th>\n",
       "      <td>0.980914</td>\n",
       "      <td>0.966940</td>\n",
       "      <td>1.000000</td>\n",
       "      <td>0.975814</td>\n",
       "      <td>0.967292</td>\n",
       "      <td>0.996054</td>\n",
       "      <td>0.603231</td>\n",
       "      <td>-0.743578</td>\n",
       "      <td>-0.102360</td>\n",
       "      <td>-0.262409</td>\n",
       "      <td>-0.269819</td>\n",
       "      <td>-0.035314</td>\n",
       "      <td>0.006284</td>\n",
       "      <td>0.062199</td>\n",
       "      <td>-0.313160</td>\n",
       "      <td>-0.386403</td>\n",
       "      <td>0.311104</td>\n",
       "      <td>0.734124</td>\n",
       "      <td>0.734017</td>\n",
       "      <td>0.585965</td>\n",
       "    </tr>\n",
       "    <tr>\n",
       "      <th>feelslikemax</th>\n",
       "      <td>0.995679</td>\n",
       "      <td>0.904816</td>\n",
       "      <td>0.975814</td>\n",
       "      <td>1.000000</td>\n",
       "      <td>0.916454</td>\n",
       "      <td>0.979878</td>\n",
       "      <td>0.536965</td>\n",
       "      <td>-0.780423</td>\n",
       "      <td>-0.149354</td>\n",
       "      <td>-0.349597</td>\n",
       "      <td>-0.358808</td>\n",
       "      <td>-0.118529</td>\n",
       "      <td>-0.018921</td>\n",
       "      <td>-0.030529</td>\n",
       "      <td>-0.213507</td>\n",
       "      <td>-0.485056</td>\n",
       "      <td>0.356609</td>\n",
       "      <td>0.786265</td>\n",
       "      <td>0.786291</td>\n",
       "      <td>0.651531</td>\n",
       "    </tr>\n",
       "    <tr>\n",
       "      <th>feelslikemin</th>\n",
       "      <td>0.915919</td>\n",
       "      <td>0.991821</td>\n",
       "      <td>0.967292</td>\n",
       "      <td>0.916454</td>\n",
       "      <td>1.000000</td>\n",
       "      <td>0.971496</td>\n",
       "      <td>0.720613</td>\n",
       "      <td>-0.605143</td>\n",
       "      <td>-0.034882</td>\n",
       "      <td>-0.156656</td>\n",
       "      <td>-0.170441</td>\n",
       "      <td>-0.004621</td>\n",
       "      <td>0.004629</td>\n",
       "      <td>0.072805</td>\n",
       "      <td>-0.335020</td>\n",
       "      <td>-0.236738</td>\n",
       "      <td>0.213664</td>\n",
       "      <td>0.605714</td>\n",
       "      <td>0.605516</td>\n",
       "      <td>0.471721</td>\n",
       "    </tr>\n",
       "    <tr>\n",
       "      <th>feelslike</th>\n",
       "      <td>0.978981</td>\n",
       "      <td>0.962796</td>\n",
       "      <td>0.996054</td>\n",
       "      <td>0.979878</td>\n",
       "      <td>0.971496</td>\n",
       "      <td>1.000000</td>\n",
       "      <td>0.624179</td>\n",
       "      <td>-0.727089</td>\n",
       "      <td>-0.102044</td>\n",
       "      <td>-0.268055</td>\n",
       "      <td>-0.280983</td>\n",
       "      <td>-0.060579</td>\n",
       "      <td>-0.000439</td>\n",
       "      <td>0.031063</td>\n",
       "      <td>-0.290156</td>\n",
       "      <td>-0.379183</td>\n",
       "      <td>0.304562</td>\n",
       "      <td>0.732768</td>\n",
       "      <td>0.732648</td>\n",
       "      <td>0.589317</td>\n",
       "    </tr>\n",
       "    <tr>\n",
       "      <th>dew</th>\n",
       "      <td>0.514210</td>\n",
       "      <td>0.713233</td>\n",
       "      <td>0.603231</td>\n",
       "      <td>0.536965</td>\n",
       "      <td>0.720613</td>\n",
       "      <td>0.624179</td>\n",
       "      <td>1.000000</td>\n",
       "      <td>0.061382</td>\n",
       "      <td>0.190516</td>\n",
       "      <td>0.206104</td>\n",
       "      <td>0.198209</td>\n",
       "      <td>0.096072</td>\n",
       "      <td>0.032236</td>\n",
       "      <td>0.095749</td>\n",
       "      <td>-0.311633</td>\n",
       "      <td>0.195088</td>\n",
       "      <td>-0.105314</td>\n",
       "      <td>0.152337</td>\n",
       "      <td>0.152324</td>\n",
       "      <td>0.115896</td>\n",
       "    </tr>\n",
       "    <tr>\n",
       "      <th>humidity</th>\n",
       "      <td>-0.798214</td>\n",
       "      <td>-0.608382</td>\n",
       "      <td>-0.743578</td>\n",
       "      <td>-0.780423</td>\n",
       "      <td>-0.605143</td>\n",
       "      <td>-0.727089</td>\n",
       "      <td>0.061382</td>\n",
       "      <td>1.000000</td>\n",
       "      <td>0.312866</td>\n",
       "      <td>0.510525</td>\n",
       "      <td>0.542363</td>\n",
       "      <td>0.133980</td>\n",
       "      <td>0.032038</td>\n",
       "      <td>0.002328</td>\n",
       "      <td>0.130814</td>\n",
       "      <td>0.650310</td>\n",
       "      <td>-0.560238</td>\n",
       "      <td>-0.822310</td>\n",
       "      <td>-0.822206</td>\n",
       "      <td>-0.692091</td>\n",
       "    </tr>\n",
       "    <tr>\n",
       "      <th>precip</th>\n",
       "      <td>-0.153775</td>\n",
       "      <td>-0.023272</td>\n",
       "      <td>-0.102360</td>\n",
       "      <td>-0.149354</td>\n",
       "      <td>-0.034882</td>\n",
       "      <td>-0.102044</td>\n",
       "      <td>0.190516</td>\n",
       "      <td>0.312866</td>\n",
       "      <td>1.000000</td>\n",
       "      <td>0.354219</td>\n",
       "      <td>0.639750</td>\n",
       "      <td>0.269059</td>\n",
       "      <td>-0.041111</td>\n",
       "      <td>0.146041</td>\n",
       "      <td>-0.273459</td>\n",
       "      <td>0.334451</td>\n",
       "      <td>-0.227170</td>\n",
       "      <td>-0.270296</td>\n",
       "      <td>-0.270720</td>\n",
       "      <td>-0.253488</td>\n",
       "    </tr>\n",
       "    <tr>\n",
       "      <th>precipprob</th>\n",
       "      <td>-0.354713</td>\n",
       "      <td>-0.124609</td>\n",
       "      <td>-0.262409</td>\n",
       "      <td>-0.349597</td>\n",
       "      <td>-0.156656</td>\n",
       "      <td>-0.268055</td>\n",
       "      <td>0.206104</td>\n",
       "      <td>0.510525</td>\n",
       "      <td>0.354219</td>\n",
       "      <td>1.000000</td>\n",
       "      <td>0.683238</td>\n",
       "      <td>0.342780</td>\n",
       "      <td>0.034061</td>\n",
       "      <td>0.322473</td>\n",
       "      <td>-0.300776</td>\n",
       "      <td>0.580686</td>\n",
       "      <td>-0.256772</td>\n",
       "      <td>-0.422036</td>\n",
       "      <td>-0.422469</td>\n",
       "      <td>-0.336138</td>\n",
       "    </tr>\n",
       "    <tr>\n",
       "      <th>precipcover</th>\n",
       "      <td>-0.359907</td>\n",
       "      <td>-0.135237</td>\n",
       "      <td>-0.269819</td>\n",
       "      <td>-0.358808</td>\n",
       "      <td>-0.170441</td>\n",
       "      <td>-0.280983</td>\n",
       "      <td>0.198209</td>\n",
       "      <td>0.542363</td>\n",
       "      <td>0.639750</td>\n",
       "      <td>0.683238</td>\n",
       "      <td>1.000000</td>\n",
       "      <td>0.441146</td>\n",
       "      <td>0.006471</td>\n",
       "      <td>0.333747</td>\n",
       "      <td>-0.379542</td>\n",
       "      <td>0.584633</td>\n",
       "      <td>-0.335876</td>\n",
       "      <td>-0.477160</td>\n",
       "      <td>-0.477614</td>\n",
       "      <td>-0.430731</td>\n",
       "    </tr>\n",
       "    <tr>\n",
       "      <th>windgust</th>\n",
       "      <td>-0.110604</td>\n",
       "      <td>0.044806</td>\n",
       "      <td>-0.035314</td>\n",
       "      <td>-0.118529</td>\n",
       "      <td>-0.004621</td>\n",
       "      <td>-0.060579</td>\n",
       "      <td>0.096072</td>\n",
       "      <td>0.133980</td>\n",
       "      <td>0.269059</td>\n",
       "      <td>0.342780</td>\n",
       "      <td>0.441146</td>\n",
       "      <td>1.000000</td>\n",
       "      <td>0.114936</td>\n",
       "      <td>0.723050</td>\n",
       "      <td>-0.429888</td>\n",
       "      <td>0.326245</td>\n",
       "      <td>-0.044860</td>\n",
       "      <td>-0.169420</td>\n",
       "      <td>-0.169764</td>\n",
       "      <td>-0.135792</td>\n",
       "    </tr>\n",
       "    <tr>\n",
       "      <th>winddir</th>\n",
       "      <td>-0.012025</td>\n",
       "      <td>0.009019</td>\n",
       "      <td>0.006284</td>\n",
       "      <td>-0.018921</td>\n",
       "      <td>0.004629</td>\n",
       "      <td>-0.000439</td>\n",
       "      <td>0.032236</td>\n",
       "      <td>0.032038</td>\n",
       "      <td>-0.041111</td>\n",
       "      <td>0.034061</td>\n",
       "      <td>0.006471</td>\n",
       "      <td>0.114936</td>\n",
       "      <td>1.000000</td>\n",
       "      <td>0.288489</td>\n",
       "      <td>-0.187046</td>\n",
       "      <td>0.018989</td>\n",
       "      <td>-0.033751</td>\n",
       "      <td>0.020673</td>\n",
       "      <td>0.020449</td>\n",
       "      <td>0.015891</td>\n",
       "    </tr>\n",
       "    <tr>\n",
       "      <th>windspeed</th>\n",
       "      <td>-0.018332</td>\n",
       "      <td>0.129589</td>\n",
       "      <td>0.062199</td>\n",
       "      <td>-0.030529</td>\n",
       "      <td>0.072805</td>\n",
       "      <td>0.031063</td>\n",
       "      <td>0.095749</td>\n",
       "      <td>0.002328</td>\n",
       "      <td>0.146041</td>\n",
       "      <td>0.322473</td>\n",
       "      <td>0.333747</td>\n",
       "      <td>0.723050</td>\n",
       "      <td>0.288489</td>\n",
       "      <td>1.000000</td>\n",
       "      <td>-0.535880</td>\n",
       "      <td>0.243611</td>\n",
       "      <td>0.070975</td>\n",
       "      <td>0.000885</td>\n",
       "      <td>0.000719</td>\n",
       "      <td>0.038717</td>\n",
       "    </tr>\n",
       "    <tr>\n",
       "      <th>sealevelpressure</th>\n",
       "      <td>-0.224484</td>\n",
       "      <td>-0.379365</td>\n",
       "      <td>-0.313160</td>\n",
       "      <td>-0.213507</td>\n",
       "      <td>-0.335020</td>\n",
       "      <td>-0.290156</td>\n",
       "      <td>-0.311633</td>\n",
       "      <td>0.130814</td>\n",
       "      <td>-0.273459</td>\n",
       "      <td>-0.300776</td>\n",
       "      <td>-0.379542</td>\n",
       "      <td>-0.429888</td>\n",
       "      <td>-0.187046</td>\n",
       "      <td>-0.535880</td>\n",
       "      <td>1.000000</td>\n",
       "      <td>-0.232927</td>\n",
       "      <td>-0.109316</td>\n",
       "      <td>-0.203117</td>\n",
       "      <td>-0.202807</td>\n",
       "      <td>-0.188350</td>\n",
       "    </tr>\n",
       "    <tr>\n",
       "      <th>cloudcover</th>\n",
       "      <td>-0.499130</td>\n",
       "      <td>-0.217347</td>\n",
       "      <td>-0.386403</td>\n",
       "      <td>-0.485056</td>\n",
       "      <td>-0.236738</td>\n",
       "      <td>-0.379183</td>\n",
       "      <td>0.195088</td>\n",
       "      <td>0.650310</td>\n",
       "      <td>0.334451</td>\n",
       "      <td>0.580686</td>\n",
       "      <td>0.584633</td>\n",
       "      <td>0.326245</td>\n",
       "      <td>0.018989</td>\n",
       "      <td>0.243611</td>\n",
       "      <td>-0.232927</td>\n",
       "      <td>1.000000</td>\n",
       "      <td>-0.386359</td>\n",
       "      <td>-0.600593</td>\n",
       "      <td>-0.601172</td>\n",
       "      <td>-0.492680</td>\n",
       "    </tr>\n",
       "    <tr>\n",
       "      <th>visibility</th>\n",
       "      <td>0.358258</td>\n",
       "      <td>0.223843</td>\n",
       "      <td>0.311104</td>\n",
       "      <td>0.356609</td>\n",
       "      <td>0.213664</td>\n",
       "      <td>0.304562</td>\n",
       "      <td>-0.105314</td>\n",
       "      <td>-0.560238</td>\n",
       "      <td>-0.227170</td>\n",
       "      <td>-0.256772</td>\n",
       "      <td>-0.335876</td>\n",
       "      <td>-0.044860</td>\n",
       "      <td>-0.033751</td>\n",
       "      <td>0.070975</td>\n",
       "      <td>-0.109316</td>\n",
       "      <td>-0.386359</td>\n",
       "      <td>1.000000</td>\n",
       "      <td>0.469513</td>\n",
       "      <td>0.469797</td>\n",
       "      <td>0.461705</td>\n",
       "    </tr>\n",
       "    <tr>\n",
       "      <th>solarradiation</th>\n",
       "      <td>0.788198</td>\n",
       "      <td>0.598027</td>\n",
       "      <td>0.734124</td>\n",
       "      <td>0.786265</td>\n",
       "      <td>0.605714</td>\n",
       "      <td>0.732768</td>\n",
       "      <td>0.152337</td>\n",
       "      <td>-0.822310</td>\n",
       "      <td>-0.270296</td>\n",
       "      <td>-0.422036</td>\n",
       "      <td>-0.477160</td>\n",
       "      <td>-0.169420</td>\n",
       "      <td>0.020673</td>\n",
       "      <td>0.000885</td>\n",
       "      <td>-0.203117</td>\n",
       "      <td>-0.600593</td>\n",
       "      <td>0.469513</td>\n",
       "      <td>1.000000</td>\n",
       "      <td>0.999911</td>\n",
       "      <td>0.895685</td>\n",
       "    </tr>\n",
       "    <tr>\n",
       "      <th>solarenergy</th>\n",
       "      <td>0.788245</td>\n",
       "      <td>0.597826</td>\n",
       "      <td>0.734017</td>\n",
       "      <td>0.786291</td>\n",
       "      <td>0.605516</td>\n",
       "      <td>0.732648</td>\n",
       "      <td>0.152324</td>\n",
       "      <td>-0.822206</td>\n",
       "      <td>-0.270720</td>\n",
       "      <td>-0.422469</td>\n",
       "      <td>-0.477614</td>\n",
       "      <td>-0.169764</td>\n",
       "      <td>0.020449</td>\n",
       "      <td>0.000719</td>\n",
       "      <td>-0.202807</td>\n",
       "      <td>-0.601172</td>\n",
       "      <td>0.469797</td>\n",
       "      <td>0.999911</td>\n",
       "      <td>1.000000</td>\n",
       "      <td>0.895672</td>\n",
       "    </tr>\n",
       "    <tr>\n",
       "      <th>uvindex</th>\n",
       "      <td>0.644064</td>\n",
       "      <td>0.464134</td>\n",
       "      <td>0.585965</td>\n",
       "      <td>0.651531</td>\n",
       "      <td>0.471721</td>\n",
       "      <td>0.589317</td>\n",
       "      <td>0.115896</td>\n",
       "      <td>-0.692091</td>\n",
       "      <td>-0.253488</td>\n",
       "      <td>-0.336138</td>\n",
       "      <td>-0.430731</td>\n",
       "      <td>-0.135792</td>\n",
       "      <td>0.015891</td>\n",
       "      <td>0.038717</td>\n",
       "      <td>-0.188350</td>\n",
       "      <td>-0.492680</td>\n",
       "      <td>0.461705</td>\n",
       "      <td>0.895685</td>\n",
       "      <td>0.895672</td>\n",
       "      <td>1.000000</td>\n",
       "    </tr>\n",
       "  </tbody>\n",
       "</table>\n",
       "</div>"
      ],
      "text/plain": [
       "                   tempmax   tempmin      temp  feelslikemax  feelslikemin  \\\n",
       "tempmax           1.000000  0.908133  0.980914      0.995679      0.915919   \n",
       "tempmin           0.908133  1.000000  0.966940      0.904816      0.991821   \n",
       "temp              0.980914  0.966940  1.000000      0.975814      0.967292   \n",
       "feelslikemax      0.995679  0.904816  0.975814      1.000000      0.916454   \n",
       "feelslikemin      0.915919  0.991821  0.967292      0.916454      1.000000   \n",
       "feelslike         0.978981  0.962796  0.996054      0.979878      0.971496   \n",
       "dew               0.514210  0.713233  0.603231      0.536965      0.720613   \n",
       "humidity         -0.798214 -0.608382 -0.743578     -0.780423     -0.605143   \n",
       "precip           -0.153775 -0.023272 -0.102360     -0.149354     -0.034882   \n",
       "precipprob       -0.354713 -0.124609 -0.262409     -0.349597     -0.156656   \n",
       "precipcover      -0.359907 -0.135237 -0.269819     -0.358808     -0.170441   \n",
       "windgust         -0.110604  0.044806 -0.035314     -0.118529     -0.004621   \n",
       "winddir          -0.012025  0.009019  0.006284     -0.018921      0.004629   \n",
       "windspeed        -0.018332  0.129589  0.062199     -0.030529      0.072805   \n",
       "sealevelpressure -0.224484 -0.379365 -0.313160     -0.213507     -0.335020   \n",
       "cloudcover       -0.499130 -0.217347 -0.386403     -0.485056     -0.236738   \n",
       "visibility        0.358258  0.223843  0.311104      0.356609      0.213664   \n",
       "solarradiation    0.788198  0.598027  0.734124      0.786265      0.605714   \n",
       "solarenergy       0.788245  0.597826  0.734017      0.786291      0.605516   \n",
       "uvindex           0.644064  0.464134  0.585965      0.651531      0.471721   \n",
       "\n",
       "                  feelslike       dew  humidity    precip  precipprob  \\\n",
       "tempmax            0.978981  0.514210 -0.798214 -0.153775   -0.354713   \n",
       "tempmin            0.962796  0.713233 -0.608382 -0.023272   -0.124609   \n",
       "temp               0.996054  0.603231 -0.743578 -0.102360   -0.262409   \n",
       "feelslikemax       0.979878  0.536965 -0.780423 -0.149354   -0.349597   \n",
       "feelslikemin       0.971496  0.720613 -0.605143 -0.034882   -0.156656   \n",
       "feelslike          1.000000  0.624179 -0.727089 -0.102044   -0.268055   \n",
       "dew                0.624179  1.000000  0.061382  0.190516    0.206104   \n",
       "humidity          -0.727089  0.061382  1.000000  0.312866    0.510525   \n",
       "precip            -0.102044  0.190516  0.312866  1.000000    0.354219   \n",
       "precipprob        -0.268055  0.206104  0.510525  0.354219    1.000000   \n",
       "precipcover       -0.280983  0.198209  0.542363  0.639750    0.683238   \n",
       "windgust          -0.060579  0.096072  0.133980  0.269059    0.342780   \n",
       "winddir           -0.000439  0.032236  0.032038 -0.041111    0.034061   \n",
       "windspeed          0.031063  0.095749  0.002328  0.146041    0.322473   \n",
       "sealevelpressure  -0.290156 -0.311633  0.130814 -0.273459   -0.300776   \n",
       "cloudcover        -0.379183  0.195088  0.650310  0.334451    0.580686   \n",
       "visibility         0.304562 -0.105314 -0.560238 -0.227170   -0.256772   \n",
       "solarradiation     0.732768  0.152337 -0.822310 -0.270296   -0.422036   \n",
       "solarenergy        0.732648  0.152324 -0.822206 -0.270720   -0.422469   \n",
       "uvindex            0.589317  0.115896 -0.692091 -0.253488   -0.336138   \n",
       "\n",
       "                  precipcover  windgust   winddir  windspeed  \\\n",
       "tempmax             -0.359907 -0.110604 -0.012025  -0.018332   \n",
       "tempmin             -0.135237  0.044806  0.009019   0.129589   \n",
       "temp                -0.269819 -0.035314  0.006284   0.062199   \n",
       "feelslikemax        -0.358808 -0.118529 -0.018921  -0.030529   \n",
       "feelslikemin        -0.170441 -0.004621  0.004629   0.072805   \n",
       "feelslike           -0.280983 -0.060579 -0.000439   0.031063   \n",
       "dew                  0.198209  0.096072  0.032236   0.095749   \n",
       "humidity             0.542363  0.133980  0.032038   0.002328   \n",
       "precip               0.639750  0.269059 -0.041111   0.146041   \n",
       "precipprob           0.683238  0.342780  0.034061   0.322473   \n",
       "precipcover          1.000000  0.441146  0.006471   0.333747   \n",
       "windgust             0.441146  1.000000  0.114936   0.723050   \n",
       "winddir              0.006471  0.114936  1.000000   0.288489   \n",
       "windspeed            0.333747  0.723050  0.288489   1.000000   \n",
       "sealevelpressure    -0.379542 -0.429888 -0.187046  -0.535880   \n",
       "cloudcover           0.584633  0.326245  0.018989   0.243611   \n",
       "visibility          -0.335876 -0.044860 -0.033751   0.070975   \n",
       "solarradiation      -0.477160 -0.169420  0.020673   0.000885   \n",
       "solarenergy         -0.477614 -0.169764  0.020449   0.000719   \n",
       "uvindex             -0.430731 -0.135792  0.015891   0.038717   \n",
       "\n",
       "                  sealevelpressure  cloudcover  visibility  solarradiation  \\\n",
       "tempmax                  -0.224484   -0.499130    0.358258        0.788198   \n",
       "tempmin                  -0.379365   -0.217347    0.223843        0.598027   \n",
       "temp                     -0.313160   -0.386403    0.311104        0.734124   \n",
       "feelslikemax             -0.213507   -0.485056    0.356609        0.786265   \n",
       "feelslikemin             -0.335020   -0.236738    0.213664        0.605714   \n",
       "feelslike                -0.290156   -0.379183    0.304562        0.732768   \n",
       "dew                      -0.311633    0.195088   -0.105314        0.152337   \n",
       "humidity                  0.130814    0.650310   -0.560238       -0.822310   \n",
       "precip                   -0.273459    0.334451   -0.227170       -0.270296   \n",
       "precipprob               -0.300776    0.580686   -0.256772       -0.422036   \n",
       "precipcover              -0.379542    0.584633   -0.335876       -0.477160   \n",
       "windgust                 -0.429888    0.326245   -0.044860       -0.169420   \n",
       "winddir                  -0.187046    0.018989   -0.033751        0.020673   \n",
       "windspeed                -0.535880    0.243611    0.070975        0.000885   \n",
       "sealevelpressure          1.000000   -0.232927   -0.109316       -0.203117   \n",
       "cloudcover               -0.232927    1.000000   -0.386359       -0.600593   \n",
       "visibility               -0.109316   -0.386359    1.000000        0.469513   \n",
       "solarradiation           -0.203117   -0.600593    0.469513        1.000000   \n",
       "solarenergy              -0.202807   -0.601172    0.469797        0.999911   \n",
       "uvindex                  -0.188350   -0.492680    0.461705        0.895685   \n",
       "\n",
       "                  solarenergy   uvindex  \n",
       "tempmax              0.788245  0.644064  \n",
       "tempmin              0.597826  0.464134  \n",
       "temp                 0.734017  0.585965  \n",
       "feelslikemax         0.786291  0.651531  \n",
       "feelslikemin         0.605516  0.471721  \n",
       "feelslike            0.732648  0.589317  \n",
       "dew                  0.152324  0.115896  \n",
       "humidity            -0.822206 -0.692091  \n",
       "precip              -0.270720 -0.253488  \n",
       "precipprob          -0.422469 -0.336138  \n",
       "precipcover         -0.477614 -0.430731  \n",
       "windgust            -0.169764 -0.135792  \n",
       "winddir              0.020449  0.015891  \n",
       "windspeed            0.000719  0.038717  \n",
       "sealevelpressure    -0.202807 -0.188350  \n",
       "cloudcover          -0.601172 -0.492680  \n",
       "visibility           0.469797  0.461705  \n",
       "solarradiation       0.999911  0.895685  \n",
       "solarenergy          1.000000  0.895672  \n",
       "uvindex              0.895672  1.000000  "
      ]
     },
     "execution_count": 1,
     "metadata": {},
     "output_type": "execute_result"
    }
   ],
   "source": [
    "import pandas as pd\n",
    "import matplotlib.pyplot as plt\n",
    "import seaborn as sns\n",
    "from sklearn.preprocessing import LabelEncoder\n",
    "from scipy.stats import zscore\n",
    "import numpy as np\n",
    "\n",
    "\n",
    "# Muestra todas las filas\n",
    "#pd.set_option('display.max_rows', None)  \n",
    "#pd.set_option('display.max_columns', None)  \n",
    "df = pd.read_csv(\"Madrid 2022-02-08 to 2024-11-01.csv\")\n",
    "\n",
    "\n",
    "#Juntamos el csv con \"madrid 2019-04-08 to 2022-01-01.csv\"\n",
    "df2 = pd.read_csv(\"madrid 2019-04-08 to 2022-01-01.csv\")\n",
    "df3 =pd.read_csv(\"madrid 2022-01-02 to 2022-02-07.csv\")\n",
    "df = pd.concat([df, df2, df3], ignore_index=True)\n",
    "\n",
    "#Ordenamos por fecha\n",
    "df = df.sort_values(by='datetime', ascending=True) \n",
    "df.reset_index(drop=True, inplace=True)\n",
    "\n",
    "df.drop(\"name\", axis=1, inplace=True)\n",
    "\n",
    "\n",
    "# Convertir la columna a tipo datetime\n",
    "df['datetime'] = pd.to_datetime(df['datetime'])\n",
    "\n",
    "#Crear  columna años\n",
    "df[\"year\"]=df[\"datetime\"].dt.year\n",
    "\n",
    "\n",
    "\n",
    "\n",
    "\n",
    "#Correlaciones\n",
    "\n",
    "correlaciones = df[[\"tempmax\",\"tempmin\",\"temp\",\"feelslikemax\",\"feelslikemin\",\"feelslike\",\"dew\",\"humidity\",\"precip\",\"precipprob\",\"precipcover\",\"windgust\",\"winddir\",\"windspeed\",\"sealevelpressure\",\"cloudcover\",\"visibility\",\"solarradiation\",\"solarenergy\",\"uvindex\"]].corr()\n",
    "\n",
    "\n",
    "correlaciones\n"
   ]
  },
  {
   "cell_type": "code",
   "execution_count": 2,
   "metadata": {},
   "outputs": [
    {
     "data": {
